-33.5 9 -20.5 1.0 1.0 0.9
-20.8 9 -20.5 1.0 1.0 0.9
-8.1 9 -20.5 1.0 1.0 0.9
4.6 9 -20.5 1.0 1.0 0.9
17.3 9 -20.5 1.0 1.0 0.9
30.3 9 -20.5 1.0 1.0 0.9
-33.5 9 18.3 1.0 1.0 0.9
-20.8 9 18.3 1.0 1.0 0.9
-8.1 9 18.3 1.0 1.0 0.9
4.6 9 18.3 1.0 1.0 0.9
17.3 9 18.3 1.0 1.0 0.9
30.3 9 18.3 1.0 1.0 0.9
-33.5 24.4 -20.5 1.0 1.0 0.9
-20.8 24.4 -20.5 1.0 1.0 0.9
-8.1 24.4 -20.5 1.0 1.0 0.9
4.6 24.4 -20.5 1.0 1.0 0.9
17.3 24.4 -20.5 1.0 1.0 0.9
30.3 24.4 -20.5 1.0 1.0 0.9
-33.5 24.4 18.3 1.0 1.0 0.9
-20.8 24.4 18.3 1.0 1.0 0.9
-8.1 24.4 18.3 1.0 1.0 0.9
4.6 24.4 18.3 1.0 1.0 0.9
17.3 24.4 18.3 1.0 1.0 0.9
30.3 24.4 18.3 1.0 1.0 0.9
31 1.5 6.5 1.0 0.5 0.9
31 1.5 -8.5 1.0 0.5 0.9